/*********************************************************/
/*                                                       */
/*                           TAREFA 6                    */
/*      Marcos Kazuya Yamazaki                           */
/*      MKY                                              */
/*      Numero USP: 7577622                              */
/*      Data: 11/04/2013                                 */
/*                                                       */
/*********************************************************/

O Digrafo possui uma Ordem Topologica:
92 132 69 61 87 46 38 74 31 29 47 64 91 109 126 25 60 63 96 111 199 237 22 34 53 56 73 21 27 62 90 20 40 75 89 116 127 17 13 19 12 28 113 10 105 9 23 33 8 11 30 43 82 85 7 57 118 124 142 154 195 155 65 71 6 16 54 99 4 5 32 52 26 55 77 102 78 138 151 3 37 45 48 50 67 83 104 112 128 136 159 239 76 95 115 153 228 241 2 14 129 18 35 36 41 81 119 120 161 134 137 183 215 145 146 218 227 121 158 170 229 88 98 117 140 147 162 167 224 178 182 94 198 42 101 125 148 157 51 70 79 84 100 133 166 236 103 106 123 131 143 152 175 174 192 179 193 243 86 108 135 181 184 188 233 240 110 122 139 156 196 205 207 210 212 244 246 214 219 221 141 1 72 107 173 130 234 150 169 177 186 164 190 189 194 200 223 242 203 249 220 247 0 15 24 39 66 44 49 93 58 59 68 165 171 172 197 230 180 213 235 238 245 80 97 144 185 201 216 217 232 114 149 206 160 168 187 208 226 163 176 191 202 204 231 248 209 211 222 225 
